# Created by Octave 10.2.0, Tue Sep 23 10:58:21 2025 UTC <unknown@DESKTOP-763H707>
# name: B
# type: matrix
# rows: 2
# columns: 2
 1 2
 3 4


